3.570836e-03
3.840531e-03
3.956611e-03
3.902459e-03
3.656298e-03
3.777684e-03
3.679771e-03
3.766206e-03
3.459370e-03
3.789196e-03
3.916290e-03
3.897631e-03
3.635300e-03
3.728985e-03
3.594231e-03
3.781786e-03
3.556912e-03
3.732777e-03
3.810634e-03
3.710385e-03
3.793150e-03
3.613692e-03
3.836094e-03
3.759794e-03
3.658908e-03
3.849575e-03
3.659608e-03
3.789837e-03
3.583575e-03
3.801958e-03
3.853997e-03
3.856256e-03
3.704382e-03
3.682275e-03
3.684702e-03
3.682507e-03
3.691322e-03
3.890685e-03
3.796328e-03
3.911826e-03
3.379709e-03
3.773119e-03
3.601850e-03
3.806186e-03
3.564803e-03
3.854299e-03
3.826083e-03
3.692913e-03
3.531310e-03
3.860000e-03
3.693176e-03
3.888012e-03
3.585786e-03
3.986914e-03
3.794810e-03
3.759202e-03
3.558984e-03
3.654854e-03
3.670326e-03
3.776547e-03
3.530199e-03
3.810549e-03
3.798493e-03
3.616625e-03
3.602153e-03
3.789963e-03
3.855383e-03
3.826809e-03
3.595107e-03
3.784043e-03
3.924457e-03
3.871344e-03
3.683698e-03
3.791253e-03
3.737723e-03
3.786536e-03
3.326029e-03
3.938866e-03
3.813931e-03
3.940499e-03
3.555665e-03
3.798033e-03
3.648290e-03
3.780473e-03
3.757179e-03
3.805019e-03
3.624689e-03
3.769314e-03
3.582384e-03
3.719210e-03
3.705762e-03
3.778695e-03
3.487922e-03
3.756310e-03
3.723610e-03
3.716705e-03
3.544343e-03
3.805179e-03
3.639247e-03
3.717571e-03
9.179740e-05
9.696310e-05
9.715360e-05
9.924660e-05
9.865350e-05
9.613120e-05
9.496240e-05
9.814950e-05
9.652560e-05
9.623660e-05
9.769140e-05
9.585880e-05
9.401480e-05
9.741670e-05
9.263750e-05
9.793440e-05
9.702140e-05
9.563150e-05
9.802300e-05
9.933090e-05
9.583760e-05
9.687460e-05
9.592380e-05
9.669130e-05
9.402040e-05
9.550370e-05
9.619380e-05
9.467500e-05
9.351330e-05
9.408880e-05
9.528700e-05
9.645860e-05
9.336590e-05
9.853630e-05
9.900540e-05
9.420300e-05
9.298190e-05
9.892990e-05
9.580530e-05
9.346290e-05
9.372720e-05
9.903300e-05
9.776970e-05
9.623140e-05
9.243220e-05
9.563210e-05
9.324850e-05
9.641660e-05
9.600400e-05
9.501960e-05
9.899330e-05
9.719370e-05
9.536860e-05
9.687700e-05
9.898250e-05
1.008669e-04
9.707430e-05
9.574280e-05
9.601530e-05
9.754100e-05
9.511880e-05
9.971490e-05
9.410330e-05
9.770990e-05
9.447500e-05
9.778060e-05
9.720910e-05
9.735520e-05
9.301820e-05
9.614710e-05
9.860760e-05
9.427490e-05
9.383010e-05
9.725490e-05
9.835640e-05
9.930440e-05
9.218670e-05
9.547060e-05
9.712290e-05
9.665690e-05
9.622580e-05
1.001780e-04
9.409660e-05
9.659510e-05
9.663600e-05
9.707060e-05
9.621970e-05
9.915490e-05
9.437680e-05
9.438750e-05
9.916060e-05
9.936670e-05
9.325240e-05
9.883360e-05
9.817790e-05
9.325870e-05
9.471810e-05
9.462420e-05
9.389990e-05
1.243019e-04
8.163320e-05
7.903680e-05
8.121120e-05
8.107940e-05
8.196900e-05
8.176270e-05
8.040130e-05
8.106630e-05
8.087500e-05
8.096670e-05
8.092660e-05
8.171560e-05
8.048420e-05
8.026030e-05
8.113450e-05
7.932980e-05
8.164110e-05
8.105220e-05
8.091950e-05
8.161080e-05
8.118630e-05
8.069860e-05
8.023660e-05
8.046420e-05
8.161620e-05
8.142630e-05
8.057980e-05
8.140510e-05
8.113040e-05
8.053680e-05
8.214250e-05
8.232620e-05
8.084560e-05
8.168190e-05
8.134420e-05
8.145180e-05
8.188840e-05
8.116590e-05
8.081020e-05
8.122500e-05
8.182690e-05
8.125670e-05
8.132250e-05
8.212280e-05
8.290710e-05
8.203180e-05
8.054360e-05
8.080750e-05
8.110390e-05
8.115770e-05
8.012620e-05
8.230180e-05
8.043230e-05
8.087630e-05
8.147720e-05
8.318940e-05
8.131680e-05
8.180390e-05
8.107850e-05
8.114870e-05
7.952830e-05
8.177310e-05
7.935410e-05
8.056590e-05
8.102920e-05
8.190740e-05
8.179800e-05
8.054490e-05
8.220050e-05
8.148860e-05
8.065100e-05
8.053700e-05
8.105600e-05
8.335500e-05
8.211670e-05
8.211360e-05
8.182000e-05
8.428770e-05
8.029280e-05
8.188830e-05
8.117410e-05
8.020350e-05
8.103330e-05
8.142340e-05
8.021970e-05
8.165100e-05
8.033110e-05
8.186070e-05
7.941280e-05
8.178540e-05
8.117270e-05
8.226190e-05
8.094310e-05
8.211250e-05
8.191320e-05
8.204200e-05
8.062600e-05
8.198990e-05
8.095140e-05
8.146760e-05
